5.0   0.0   10.0   332.0   +19.1   -18.1   238.0   +63.2   -63.2   +39.9   -36.3
15.0   10.0   20.0   730.0   +27.9   -26.9   712.9   +146.0   -146.0   +156.2   -0.0
25.0   20.0   30.0   716.0   +27.6   -26.6   878.7   +166.3   -166.3   +0.0   -201.7
35.0   30.0   40.0   635.0   +26.1   -25.1   604.9   +116.1   -116.1   +95.8   -25.5
45.0   40.0   50.0   441.0   +21.9   -20.9   373.9   +63.7   -63.7   +21.3   -105.3
55.0   50.0   60.0   337.0   +19.3   -18.3   275.5   +45.1   -45.1   +69.2   -14.1
65.0   60.0   70.0   241.0   +16.5   -15.4   241.8   +43.9   -43.9   +65.1   -28.1
75.0   70.0   80.0   155.0   +13.4   -12.4   186.5   +42.4   -42.4   +64.7   -14.1
85.0   80.0   90.0   101.0   +11.0   -10.0   152.4   +44.0   -44.0   +13.3   -60.0
95.0   90.0   100.0   77.0   +9.76   -8.71   81.13   +5.36   -5.36   +42.77   -16.45
105.0   100.0   110.0   62.0   +8.87   -7.81   62.54   +4.26   -4.26   +11.92   -12.39
115.0   110.0   120.0   57.0   +8.55   -7.49   46.83   +3.21   -3.21   +9.06   -4.93
125.0   120.0   130.0   45.0   +7.72   -6.65   38.96   +3.4   -3.4   +5.14   -9.19
135.0   130.0   140.0   22.0   +5.73   -4.63   26.68   +2.36   -2.36   +6.21   -4.11
145.0   140.0   150.0   17.0   +5.18   -4.06   21.21   +1.5   -1.5   +3.95   -3.81
155.0   150.0   160.0   14.0   +4.81   -3.68   17.31   +1.35   -1.35   +4.11   -3.46
165.0   160.0   170.0   10.0   +4.245   -3.095   13.71   +1.12   -1.12   +2.9   -3.93
175.0   170.0   180.0   9.0   +4.089   -2.931   9.239   +0.816   -0.816   +3.385   -1.712
185.0   180.0   190.0   4.0   +3.147   -1.907   8.224   +0.787   -0.787   +1.253   -1.678
195.0   190.0   200.0   5.0   +3.365   -2.151   6.673   +0.705   -0.705   +1.369   -2.198
205.0   200.0   210.0   6.0   +3.566   -2.37   3.835   +0.481   -0.481   +2.413   -0.54
215.0   210.0   220.0   6.0   +3.566   -2.37   3.473   +0.458   -0.458   +0.605   -0.443
245.0   240.0   250.0   3.0   +2.904   -1.627   2.841   +0.46   -0.46   +0.17   -1.163
255.0   250.0   260.0   1.0   +2.2885   -0.8256   1.579   +0.313   -0.313   +1.182   -0.286
285.0   280.0   290.0   1.0   +2.2885   -0.8256   0.7854   +0.1961   -0.1961   +0.4278   -0.1508
295.0   290.0   300.0   1.0   +2.2885   -0.8256   0.6747   +0.1771   -0.1771   +0.171   -0.1666
305.0   300.0   310.0   2.0   +2.625   -1.288   0.5973   +0.1886   -0.1886   +0.2111   -0.3757
315.0   310.0   320.0   1.0   +2.2885   -0.8256   0.369   +0.1467   -0.1467   +0.4075   -0.0
325.0   320.0   330.0   1.0   +2.2885   -0.8256   0.5463   +0.1865   -0.1865   +0.0626   -0.4146
385.0   380.0   390.0   1.0   +2.2885   -0.8256   0.104   +0.0852   -0.0852   +0.2524   -0.02

