tim_000.dat
tim_001.dat
tim_002.dat
tim_003.dat
tim_004.dat
tim_005.dat
tim_006.dat
tim_007.dat
1 2	30 171 790940	40 212 790851
tim_008.dat
tim_009.dat
tim_010.dat
tim_011.dat
tim_012.dat
tim_013.dat
tim_014.dat
tim_015.dat
tim_016.dat
tim_017.dat
tim_018.dat
tim_019.dat
tim_020.dat
tim_021.dat
tim_022.dat
tim_023.dat
tim_024.dat
tim_025.dat
tim_026.dat
tim_027.dat
tim_028.dat
tim_029.dat
tim_030.dat
1 2	101 123 679500	98 151 679226
tim_031.dat
tim_032.dat
tim_033.dat
tim_034.dat
tim_035.dat
tim_036.dat
1 1	18 246 512567	75 117 512575
tim_037.dat
tim_038.dat
tim_039.dat
tim_040.dat
1 1	2 240 200820	24 213 200800
1 1	17 196 649517	109 91 649417
1 1	67 161 942371	159 191 942200
1 1	122 89 694600	239 166 694600
tim_041.dat
1 1	18 207 269725	104 30 269875
1 1	27 32 319200	156 127 319075
1 1	233 232 867618	240 90 867638
1 2	26 221 97216.7	232 127 97380
tim_042.dat
1 1	22 77 586131	147 38 586433
1 2	23 216 911956	164 32 911600
tim_043.dat
1 1	216 88 603000	217 129 603250
1 2	91 244 448267	52 173 448478
1 2	136 110 791500	104 70 791600
tim_044.dat
1 1	0 91 663700	58 107 663700
1 2	0 91 663700	245 73 663946
1 2	58 107 663700	245 73 663946
1 2	112 245 530011	175 131 529683
1 2	203 149 572575	145 147 572516
tim_045.dat
1 1	56 57 819840	185 225 819417
1 1	70 24 269050	154 52 269240
1 1	99 216 325758	178 190 325700
1 1	215 12 670077	217 155 669750
1 1	221 98 864400	225 38 864423
1 2	227 224 440100	159 144 439725
tim_046.dat
1 2	186 213 924160	255 143 924609
tim_047.dat
1 2	47 113 349114	20 190 348875
1 2	72 45 147167	141 46 147100
tim_048.dat
1 1	18 74 636833	128 253 636762
1 1	21 228 87500	221 40 87562.5
1 1	67 37 381514	106 41 381603
1 1	67 37 381514	164 12 381240
1 1	106 41 381603	164 12 381240
1 1	151 39 421025	212 5 421050
tim_049.dat
1 1	30 233 819883	94 6 819900
1 1	54 211 960048	53 251 960050
1 1	54 211 960048	55 152 960051
1 1	54 211 960048	56 109 960053
1 1	53 251 960050	55 152 960051
1 1	53 251 960050	56 109 960053
1 1	55 152 960051	56 109 960053
1 1	116 223 838643	131 228 838600
1 1	208 95 609050	229 215 609100
tim_050.dat
1 1	12 92 277600	249 1 277567
1 1	71 79 832417	101 163 832533
1 2	134 27 792029	0 55 792425
1 2	134 27 792029	1 62 791633
1 2	134 27 792029	1 70 791545
tim_051.dat
1 1	11 76 952986	223 174 953110
1 1	134 228 192721	249 115 192667
1 2	249 115 192667	29 220 192217
tim_052.dat
tim_053.dat
tim_054.dat
1 1	70 130 552762	109 175 552650
1 1	218 238 311198	219 131 311130
1 2	132 103 815957	23 239 815600
1 2	189 37 135100	67 41 135372
1 2	189 37 135100	70 226 135091
tim_055.dat
1 1	187 21 153238	242 229 153178
1 2	92 3 249967	235 227 250066
tim_056.dat
1 1	15 198 593600	145 215 593600
1 2	5 56 594631	148 40 594175
1 2	22 111 414567	80 244 414362
1 2	97 188 67362.5	145 30 66967.1
tim_057.dat
1 1	111 59 115553	223 127 115900
1 2	207 218 871571	126 164 871160
tim_058.dat
1 1	51 179 607500	70 22 607575
1 1	66 109 643643	83 192 643678
1 1	66 109 643643	87 6 643525
1 1	83 192 643678	87 6 643525
1 1	161 140 615330	241 59 615150
1 1	179 104 942600	237 211 942700
1 2	161 140 615330	254 49 615418
1 2	241 59 615150	254 49 615418
tim_059.dat
1 2	190 1 70933.3	33 130 70960
1 2	190 1 70933.3	34 188 70880
1 2	225 96 243017	144 204 243324
tim_060.dat
1 1	105 215 17533.3	203 91 17375
1 2	81 11 914312	36 211 914675
1 2	145 175 660089	43 252 659750
tim_061.dat
1 1	197 15 384003	219 245 384447
1 2	248 228 7550	168 16 8007.09
tim_062.dat
1 1	4 14 2600	66 127 2862.5
1 1	62 56 104586	84 103 104633
1 2	2 216 960050	212 139 959975
1 2	33 91 671514	70 27 671300
1 2	33 91 671514	70 35 671800
1 2	33 91 671514	180 12 671388
1 2	33 91 671514	203 98 671989
tim_063.dat
1 1	41 134 153800	233 82 153860
1 1	53 145 960033	161 46 960050
1 1	53 145 960033	163 234 960070
1 1	53 145 960033	163 218 960050
1 1	53 145 960033	163 248 960050
1 1	161 46 960050	163 234 960070
1 1	161 46 960050	163 218 960050
1 1	161 46 960050	163 248 960050
1 1	163 234 960070	163 218 960050
1 1	163 234 960070	163 248 960050
1 1	163 218 960050	163 248 960050
tim_064.dat
1 1	46 161 9261.9	154 121 9716.67
1 1	109 116 432211	114 76 432212
1 2	115 170 206114	6 219 206157
1 2	174 65 900300	10 180 900567
1 2	237 121 558267	240 213 558027
tim_065.dat
1 2	172 231 960055	247 2 960000
1 2	172 231 960055	253 234 959974
1 2	194 112 872088	192 39 871890
1 2	194 112 872088	193 110 872067
1 2	194 112 872088	194 136 872348
tim_066.dat
1 1	35 95 830361	55 51 830336
1 1	80 175 327143	240 56 327580
1 1	124 149 422425	251 113 422425
tim_067.dat
tim_068.dat
tim_069.dat
tim_070.dat
tim_071.dat
tim_072.dat
1 1	114 18 618700	252 127 618717
tim_073.dat
1 1	62 209 374814	137 238 374942
1 1	216 155 514079	233 90 514057
tim_074.dat
1 1	76 42 960050	218 238 960049
1 1	76 42 960050	219 191 960041
1 1	218 238 960049	219 191 960041
1 2	83 91 621288	45 185 620833
1 2	86 137 92650	167 180 93044.4
tim_075.dat
1 1	47 59 871775	66 65 871825
tim_076.dat
1 1	61 135 841150	172 86 840700
1 1	61 135 841150	207 111 841370
1 1	61 135 841150	216 206 841083
1 1	83 153 489920	165 180 489812
1 1	172 86 840700	216 206 841083
1 1	207 111 841370	216 206 841083
1 1	236 253 720408	243 255 720543
1 2	125 151 951757	111 121 951488
1 2	132 173 81950	116 44 82140
tim_077.dat
1 1	14 25 149023	64 119 149475
1 1	14 25 149023	88 252 149022
1 1	64 119 149475	88 252 149022
1 1	86 49 875371	91 23 875357
1 2	81 73 315074	64 106 314900
1 2	111 41 815500	31 6 815886
tim_078.dat
1 2	184 89 1725	1 192 1371.43
tim_079.dat
1 1	122 29 452750	201 213 452822
1 1	139 27 284067	212 7 284380
1 2	6 60 502100	164 134 502564
1 2	12 75 733771	194 19 734175
1 2	12 75 733771	194 29 734233
1 2	19 197 263433	33 52 263547
1 2	188 255 387075	210 204 387177
1 2	188 255 387075	211 217 386775
tim_080.dat
1 1	3 88 850	175 182 880
1 2	23 209 858231	245 239 857783
1 2	62 108 50750	70 137 50675
1 2	230 39 960000	43 183 960043
tim_081.dat
1 1	129 88 540425	132 33 540517
1 1	129 88 540425	220 11 540340
1 1	132 33 540517	220 11 540340
1 1	248 14 239700	254 87 239600
1 2	189 92 10225	52 1 10325
1 2	247 235 148978	226 101 149350
tim_082.dat
1 1	50 242 209133	106 112 209214
1 1	175 29 631088	183 59 631200
1 2	131 89 788456	33 71 788036
1 2	164 248 592025	117 130 592235
tim_083.dat
1 1	193 66 399310	229 18 399275
tim_084.dat
1 1	47 232 672411	105 150 672483
1 1	61 131 780114	231 64 780000
1 1	173 103 805080	220 53 804938
1 1	216 154 621550	232 154 621538
1 2	208 65 370850	232 20 371179
1 2	254 30 546455	161 218 546017
tim_085.dat
1 2	164 175 814125	189 102 814275
tim_086.dat
1 2	62 36 113800	64 194 114075
1 2	94 133 463838	221 125 464018
tim_087.dat
1 1	15 44 586000	199 241 586112
1 2	25 14 523000	195 40 522600
1 2	73 44 754800	109 252 754500
1 2	189 153 939825	3 66 939343
tim_088.dat
tim_089.dat
tim_090.dat
tim_091.dat
tim_092.dat
1 1	44 103 754125	235 26 754133
1 1	107 249 136275	182 215 136340
1 2	254 251 960043	47 197 960050
1 2	254 251 960043	153 105 960050
tim_093.dat
1 2	106 42 98100	88 99 98014.3
tim_094.dat
1 1	23 107 369067	247 121 369013
1 2	233 113 579062	139 35 579200
tim_095.dat
1 1	2 155 552089	106 130 552000
1 1	19 134 126850	89 44 126879
1 1	20 212 711275	144 73 711300
1 1	53 116 772914	225 187 772725
1 1	58 38 319550	168 236 319616
1 2	111 156 540717	234 191 540640
1 2	151 112 960050	148 185 960050
tim_096.dat
tim_097.dat
1 1	21 233 514467	236 209 514912
1 1	27 85 887275	64 220 887300
1 1	43 235 190560	160 250 190525
1 1	116 2 228078	252 206 228000
1 1	127 111 763550	132 8 763588
1 2	128 119 372850	236 75 372950
tim_098.dat
1 1	84 63 645025	175 102 644983
1 2	65 212 119675	44 153 119238
1 2	102 6 58600	38 100 58866.7
tim_099.dat
1 2	66 9 359860	45 163 359625
1 2	186 25 522482	166 132 522742
1 2	231 85 69240	168 4 68812.5
tim_100.dat
1 1	132 26 568817	137 111 568783
1 1	146 122 410538	228 207 410900
tim_101.dat
tim_102.dat
1 1	28 199 834283	30 239 834400
1 1	76 72 97083.3	150 152 96887.5
1 1	124 52 836507	221 43 836700
1 2	81 176 573960	34 192 574460
tim_103.dat
1 1	0 125 471400	179 216 471525
1 1	113 155 609425	217 234 609220
1 1	161 41 246700	163 8 246558
1 1	205 75 620680	210 62 620625
1 2	248 59 662217	151 34 662425
tim_104.dat
1 2	225 222 780625	196 41 780762
tim_105.dat
tim_106.dat
tim_107.dat
tim_108.dat
tim_109.dat
tim_110.dat
1 2	65 84 738536	20 202 738425
tim_111.dat
1 1	34 187 826733	101 231 826522
1 1	34 250 75270	236 216 75284.6
1 1	130 189 178757	194 249 178293
1 2	68 71 445900	83 133 445775
1 2	166 194 494800	156 157 494540
tim_112.dat
1 1	48 230 513520	241 157 513525
1 2	99 72 594629	62 87 594529
tim_113.dat
1 1	57 227 744880	192 195 745300
1 2	131 204 617700	32 117 617842
tim_114.dat
1 1	152 195 593767	206 58 593850
tim_115.dat
1 1	122 221 735981	208 202 735900
1 1	137 141 895671	139 110 895175
1 2	122 221 735981	17 119 735969
1 2	137 141 895671	67 88 895868
1 2	208 202 735900	17 119 735969
tim_116.dat
tim_117.dat
1 1	13 164 687362	27 169 687240
1 1	156 20 769300	165 155 769325
1 2	93 28 706133	64 11 706389
1 2	122 33 673750	64 51 674022
1 2	163 197 651150	91 127 651238
1 2	176 170 324640	94 33 324357
1 2	241 201 860134	73 9 859931
tim_118.dat
1 1	134 12 689583	212 95 689675
1 2	4 85 109414	243 193 109314
1 2	146 155 327822	225 29 327385
1 2	176 15 452250	220 44 451900
1 2	183 12 960071	7 157 960025
1 2	183 12 960071	49 12 959925
1 2	183 12 960071	49 21 959993
1 2	183 12 960071	49 40 959983
1 2	183 12 960071	51 113 959975
1 2	183 12 960071	50 118 959933
1 2	183 12 960071	51 137 960007
1 2	183 12 960071	51 147 960000
1 2	201 244 614950	169 145 615420
tim_119.dat
1 2	43 46 714025	122 107 714043
1 2	192 192 959640	144 29 959855
tim_120.dat
1 2	11 208 899689	152 15 899414
1 2	244 91 786133	183 107 786050
tim_121.dat
1 1	125 129 775173	139 69 775457
1 2	27 0 106125	185 28 106076
1 2	194 198 731567	141 14 731652
1 2	194 198 731567	143 31 731533
tim_122.dat
tim_123.dat
1 1	19 173 756133	141 138 755833
1 1	130 51 225200	196 15 225150
1 2	81 70 292809	1 88 292520
tim_124.dat
1 1	88 228 87912.5	126 126 87800
1 1	132 217 960050	254 177 960050
1 1	194 114 924075	204 49 923975
1 2	49 25 664050	209 34 664449
tim_125.dat
tim_126.dat
tim_127.dat
tim_128.dat
tim_129.dat
tim_130.dat
1 1	36 99 182850	222 144 182750
tim_131.dat
1 2	16 68 347167	78 174 347620
1 2	110 51 112300	11 120 112098
1 2	217 77 566000	26 6 566047
1 2	217 77 566000	27 18 566169
tim_132.dat
1 1	20 196 342090	139 83 342114
1 1	196 120 73880	197 235 73950
1 2	86 36 418775	65 75 418971
1 2	214 157 724729	179 85 724408
tim_133.dat
1 2	158 80 497193	97 180 497606
tim_134.dat
1 1	134 156 627600	163 105 627525
1 2	52 144 323586	54 14 323271
tim_135.dat
1 1	49 131 774475	109 154 774350
1 1	110 121 430800	231 184 430757
1 1	209 40 658360	231 132 658125
tim_136.dat
tim_137.dat
1 2	39 28 230660	58 29 230325
tim_138.dat
1 1	31 157 287250	185 207 286891
1 1	167 46 773725	221 132 773775
1 2	53 65 677100	223 13 677111
1 2	53 65 677100	223 33 676810
1 2	171 51 549460	245 179 549625
tim_139.dat
1 2	74 94 266567	164 43 266300
tim_140.dat
1 1	143 37 584660	252 67 584207
1 2	61 207 467867	78 2 467433
1 2	69 77 960075	253 178 960000
1 2	100 250 547093	49 131 547459
1 2	121 116 941250	20 9 940850
1 2	136 104 652814	225 239 652578
tim_141.dat
1 1	107 106 191580	163 203 191580
1 2	58 38 360136	60 24 360094
1 2	61 219 298950	8 80 298689
1 2	107 106 191580	205 19 191985
1 2	107 106 191580	229 25 191475
1 2	163 203 191580	205 19 191985
1 2	163 203 191580	229 25 191475
tim_142.dat
tim_143.dat
tim_144.dat
tim_145.dat
1 2	206 14 221275	129 15 221000
tim_146.dat
1 1	102 191 219583	194 9 219900
1 2	22 156 619425	109 82 619783
1 2	185 125 377067	63 49 377467
tim_147.dat
1 1	41 114 56766.7	162 26 56680
1 1	72 78 346750	97 75 346717
1 1	72 78 346750	165 157 346871
1 1	72 78 346750	225 253 346750
1 1	97 75 346717	165 157 346871
1 1	97 75 346717	225 253 346750
1 1	165 157 346871	225 253 346750
1 2	45 144 937575	191 18 937412
1 2	154 74 95775	112 125 95960
tim_148.dat
1 1	230 87 544080	241 220 544000
1 2	117 214 458211	3 75 458300
tim_149.dat
1 1	102 61 791900	181 161 791837
1 1	153 252 64575	207 248 64575
1 2	253 214 921400	196 232 921114
tim_150.dat
1 1	57 57 714818	62 108 714850
1 1	206 100 919162	248 65 919100
1 2	81 18 960050	7 228 959740
tim_151.dat
1 1	252 223 354013	254 229 354055
tim_152.dat
1 1	97 78 928975	126 81 928983
1 2	32 119 960060	123 12 959900
1 2	32 119 960060	158 3 959900
1 2	70 57 295082	66 66 295100
tim_153.dat
1 2	76 253 120472	161 18 120424
tim_154.dat
1 1	67 105 344750	151 163 344808
1 1	134 120 308045	163 75 308425
1 2	32 204 301567	69 167 301246
1 2	134 120 308045	112 42 308356
1 2	163 195 906188	255 92 906588
1 2	163 75 308425	112 42 308356
1 2	244 174 907500	255 38 907251
tim_155.dat
1 1	48 86 827575	164 120 827140
1 2	249 14 54042.9	137 126 53700
tim_156.dat
1 1	160 181 78083.3	238 243 78161.9
1 2	251 101 586450	9 251 586718
tim_157.dat
1 1	175 168 464533	211 221 464400
1 2	132 21 265100	67 216 264900
1 2	216 43 262100	168 54 262231
1 2	254 128 959671	189 166 960017
tim_158.dat
1 2	55 134 581100	2 109 581160
1 2	55 134 581100	4 147 581143
tim_159.dat
1 2	134 14 313789	211 33 314265
1 2	145 192 273753	14 132 273575
1 2	145 192 273753	14 150 273450
1 2	145 192 273753	16 227 273550
1 2	208 53 602036	22 251 602219
tim_160.dat
1 1	124 210 696886	152 94 697000
1 2	81 80 185286	191 26 184800
tim_161.dat
1 1	75 86 492514	194 88 492520
1 1	141 123 513271	222 53 513227
1 2	196 161 232645	7 223 232340
tim_162.dat
tim_163.dat
tim_164.dat
tim_165.dat
1 1	6 15 373950	222 73 373950
1 1	27 60 105033	69 136 104975
1 1	79 148 897550	82 185 897566
1 1	79 148 897550	82 240 897623
1 1	82 185 897566	82 240 897623
1 2	20 140 689410	31 1 689320
1 2	20 140 689410	32 10 689429
1 2	20 140 689410	32 21 689050
1 2	20 140 689410	125 34 689714
1 2	63 174 317523	17 140 317244
1 2	79 148 897550	67 181 897618
1 2	79 148 897550	67 230 897600
1 2	82 185 897566	67 181 897618
1 2	82 185 897566	67 230 897600
1 2	82 240 897623	67 181 897618
1 2	82 240 897623	67 230 897600
1 2	240 208 960047	100 52 959980
1 2	240 208 960047	100 68 959975
1 2	240 208 960047	101 82 959938
tim_166.dat
1 1	13 10 558485	14 185 558437
1 2	73 162 506183	148 105 506420
1 2	164 9 7366.67	249 117 7050
1 2	250 238 960043	125 168 959880
tim_167.dat
1 1	29 147 4950	74 185 4860
1 2	217 96 626186	141 19 625906
tim_168.dat
1 1	61 34 15200	75 156 15150
1 2	136 38 442733	213 86 442620
1 2	190 208 129385	211 22 129700
tim_169.dat
1 1	68 13 242520	138 222 242533
1 2	159 91 862433	47 30 862665
tim_170.dat
1 1	100 173 809600	138 56 809675
1 1	100 173 809600	183 21 809717
1 1	107 3 924275	239 9 924200
1 1	138 56 809675	183 21 809717
1 1	159 80 773733	162 24 773780
1 2	11 51 774827	186 43 775050
tim_171.dat
1 2	47 158 290983	1 157 290775
1 2	47 158 290983	5 250 291220
1 2	217 94 262800	57 194 262704
tim_172.dat
1 2	202 49 960040	159 11 959989
tim_173.dat
1 1	17 83 926450	83 51 926471
tim_174.dat
1 2	29 201 693911	209 119 693575
1 2	251 211 934100	194 21 934120
tim_175.dat
1 2	33 194 819944	42 155 819760
1 2	124 108 949660	233 84 949824
1 2	178 225 818614	38 24 818736
tim_176.dat
1 1	89 57 482911	140 163 482911
1 2	96 95 486862	195 136 487200
1 2	103 191 86433.3	30 221 86200
tim_177.dat
1 1	108 196 650100	156 198 650183
1 2	163 137 433922	58 156 434284
tim_178.dat
tim_179.dat
1 1	89 242 496700	136 14 496680
1 1	125 32 17460	245 159 17400
1 1	198 42 823778	220 241 823700
tim_180.dat
1 1	44 166 624650	76 117 624650
tim_181.dat
tim_182.dat
tim_183.dat
tim_184.dat
tim_185.dat
1 2	141 199 350329	124 192 350677
tim_186.dat
tim_187.dat
1 1	63 184 264125	203 26 264160
1 2	172 57 293923	73 242 293680
tim_188.dat
1 1	22 131 374450	72 24 374400
1 1	22 131 374450	139 138 374525
1 1	72 24 374400	139 138 374525
1 1	156 227 768021	159 89 767901
1 1	156 227 768021	159 121 767650
1 1	159 89 767901	159 121 767650
1 1	245 136 225900	252 31 225740
1 2	193 73 332790	249 234 332295
tim_189.dat
1 2	49 117 357275	228 8 357483
1 2	49 117 357275	246 21 356900
1 2	86 104 960050	41 65 960030
1 2	86 104 960050	209 239 960000
tim_190.dat
1 1	68 249 598689	177 110 598683
1 1	75 239 788820	202 130 788780
1 2	240 94 856617	198 197 856700
tim_191.dat
1 2	15 156 304400	159 114 304158
1 2	57 72 596500	27 172 596255
tim_192.dat
tim_193.dat
1 1	53 54 1450	143 101 1616.67
1 2	183 57 628275	29 252 628067
1 2	215 41 615746	70 213 615725
tim_194.dat
tim_195.dat
1 2	201 167 864560	5 214 864925
tim_196.dat
1 2	160 161 917675	187 23 917700
1 2	194 135 787871	219 97 788275
tim_197.dat
tim_198.dat
tim_199.dat
tim_200.dat
tim_201.dat
tim_202.dat
tim_203.dat
1 2	97 33 828563	74 99 828970
tim_204.dat
1 2	203 31 574400	67 99 574040
1 2	211 122 632725	200 19 632400
tim_205.dat
1 1	34 78 810800	226 246 811300
1 1	54 210 415820	202 66 415871
1 1	86 51 227875	181 204 228178
1 2	7 151 13375	201 24 13125
1 2	216 249 724400	121 48 724400
tim_206.dat
1 1	25 64 302983	47 235 303057
1 2	56 252 960050	74 227 959941
1 2	56 252 960050	74 243 959580
1 2	56 252 960050	162 47 960039
1 2	56 252 960050	162 67 960043
1 2	56 252 960050	162 102 960040
1 2	56 252 960050	162 122 960000
1 2	187 116 336675	59 13 336656
1 2	201 102 638373	57 22 638564
1 2	201 102 638373	59 62 638460
tim_207.dat
1 1	57 91 714675	161 12 714700
tim_208.dat
tim_209.dat
1 1	198 24 2857.14	200 117 2860
1 2	218 146 551000	160 115 551373
tim_210.dat
1 1	26 240 425643	214 109 425617
1 1	62 144 577133	147 194 577140
1 1	80 245 103371	120 132 103725
1 1	80 245 103371	212 81 103700
1 1	120 132 103725	212 81 103700
tim_211.dat
1 2	168 177 75031.6	54 228 75257.1
1 2	169 56 960048	32 232 960060
tim_212.dat
1 1	12 215 208600	40 237 208550
1 2	61 71 897571	214 126 897922
tim_213.dat
tim_214.dat
tim_215.dat
tim_216.dat
tim_217.dat
1 1	82 189 329231	199 6 329100
1 2	199 179 833825	13 197 833857
tim_218.dat
1 1	22 43 442412	213 85 442275
1 1	61 169 761433	252 200 761340
1 2	22 43 442412	106 234 442275
1 2	194 230 685912	155 218 685575
1 2	194 230 685912	156 245 686408
1 2	194 230 685912	156 253 686300
1 2	210 220 432000	188 231 432040
1 2	213 85 442275	106 234 442275
tim_219.dat
1 1	132 96 492050	142 10 492125
tim_220.dat
1 1	7 213 536450	118 12 536633
1 1	120 125 492725	199 60 492625
1 2	7 213 536450	175 22 536611
1 2	62 35 494700	7 161 494957
1 2	62 35 494700	7 198 494836
1 2	62 35 494700	249 174 494400
1 2	118 12 536633	175 22 536611
tim_221.dat
tim_222.dat
tim_223.dat
1 2	60 209 960040	76 3 959975
1 2	60 209 960040	76 10 959943
1 2	60 209 960040	182 4 959950
1 2	60 209 960040	185 80 959962
1 2	60 209 960040	185 88 959989
1 2	60 209 960040	186 104 959925
1 2	60 209 960040	187 122 959944
1 2	115 211 463875	153 123 463905
tim_224.dat
1 2	11 96 17857.1	207 79 18130.8
1 2	177 23 30457.1	40 233 30394.8
tim_225.dat
1 2	26 199 533370	196 46 533792
1 2	123 185 10150	124 44 9980
1 2	123 185 10150	125 67 9857.14
1 2	123 185 10150	126 140 10216.7
1 2	123 225 578336	124 117 578548
tim_226.dat
1 2	28 8 756945	114 33 756505
1 2	64 203 952200	138 56 952167
1 2	106 236 245843	78 156 245533
tim_227.dat
1 1	65 226 374175	139 200 374175
1 1	65 226 374175	253 81 374300
1 1	102 180 3633.33	194 32 3780
1 1	139 200 374175	253 81 374300
1 1	178 62 539917	189 70 539931
1 1	183 94 79483.3	222 31 79512.5
tim_228.dat
1 1	119 150 713200	130 163 713175
1 2	45 142 781140	72 116 781367
1 2	45 142 781140	74 150 780825
1 2	45 142 781140	75 178 780975
1 2	45 142 781140	75 186 781400
1 2	45 142 781140	76 208 781478
1 2	45 142 781140	78 244 781150
1 2	187 122 746533	229 213 746500
tim_229.dat
tim_230.dat
1 1	34 52 628655	160 31 628622
1 1	79 231 126489	180 247 126300
1 2	79 231 126489	173 242 126143
1 2	180 247 126300	173 242 126143
tim_231.dat
1 2	150 174 410600	119 179 410475
1 2	174 243 944540	8 115 944384
1 2	182 195 339062	205 203 338975
tim_232.dat
1 1	66 112 960044	175 104 960050
1 2	66 112 960044	78 22 959942
1 2	66 112 960044	79 38 959940
1 2	66 112 960044	81 151 960000
1 2	66 112 960044	82 188 959850
1 2	66 112 960044	82 196 959900
1 2	66 112 960044	82 214 959883
1 2	66 112 960044	83 251 960000
1 2	175 104 960050	78 22 959942
1 2	175 104 960050	79 38 959940
1 2	175 104 960050	81 151 960000
1 2	175 104 960050	82 188 959850
1 2	175 104 960050	82 196 959900
1 2	175 104 960050	82 214 959883
1 2	175 104 960050	83 251 960000
tim_233.dat
1 1	21 173 718620	111 250 719120
1 2	21 173 718620	44 231 718914
1 2	21 173 718620	45 242 718457
1 2	21 173 718620	178 233 718768
1 2	39 63 514275	252 176 514599
1 2	102 201 814820	170 220 815248
1 2	111 250 719120	44 231 718914
1 2	111 250 719120	178 233 718768
tim_234.dat
1 1	168 216 416633	241 52 416620
tim_235.dat
1 2	31 204 830891	16 217 831278
tim_236.dat
tim_237.dat
tim_238.dat
tim_239.dat
tim_240.dat
1 1	55 197 155956	254 98 155800
1 2	109 59 893388	140 180 893396
1 2	124 171 467900	134 253 468080
tim_241.dat
tim_242.dat
1 1	108 182 376731	115 173 376660
tim_243.dat
1 1	122 11 960048	122 72 960048
1 1	122 11 960048	122 88 960054
1 1	122 11 960048	122 102 960045
1 1	122 11 960048	122 112 960058
1 1	122 11 960048	122 125 959980
1 1	122 11 960048	122 176 960050
1 1	122 72 960048	122 88 960054
1 1	122 72 960048	122 102 960045
1 1	122 72 960048	122 112 960058
1 1	122 72 960048	122 125 959980
1 1	122 72 960048	122 176 960050
1 1	122 88 960054	122 102 960045
1 1	122 88 960054	122 112 960058
1 1	122 88 960054	122 125 959980
1 1	122 88 960054	122 176 960050
1 1	122 102 960045	122 112 960058
1 1	122 102 960045	122 125 959980
1 1	122 102 960045	122 176 960050
1 1	122 112 960058	122 125 959980
1 1	122 112 960058	122 176 960050
1 1	122 125 959980	122 176 960050
1 2	53 208 12600	82 48 12210
1 2	138 102 732375	248 228 732317
tim_244.dat
1 1	9 68 558220	157 191 558317
1 2	139 124 814712	81 77 815070
1 2	139 124 814712	81 72 814225
tim_245.dat
1 2	33 151 373757	175 193 373326
1 2	70 152 654189	178 153 654225
tim_246.dat
1 1	38 78 892009	238 44 891860
1 2	206 242 938583	65 171 938269
tim_247.dat
1 2	84 8 534600	183 21 534351
1 2	196 222 739086	86 108 738617
1 2	243 17 247727	18 237 247853
tim_248.dat
1 1	12 68 881860	70 237 882358
1 1	140 53 398400	183 89 398375
1 1	176 126 807700	254 19 808111
1 2	22 112 476338	40 75 476117
tim_249.dat
1 1	146 201 114853	153 113 114550
1 2	151 169 613733	238 154 613604
1 2	185 37 774200	23 144 773933
1 2	208 70 960057	111 116 959975
tim_250.dat
1 1	128 186 633743	204 59 633680
tim_251.dat
1 1	220 10 195756	226 228 195729
tim_252.dat
1 2	143 146 405300	80 10 405495
tim_253.dat
1 1	164 230 426462	243 200 426360
1 2	33 161 124943	206 184 125284
1 2	33 161 124943	207 237 124791
1 2	108 52 709630	137 62 710100
1 2	210 126 809250	11 244 809397
tim_254.dat
1 1	111 63 594317	140 133 594338
1 1	160 88 530440	247 205 530239
tim_255.dat
1 1	145 183 47575	176 217 47550
1 2	154 254 88057.1	102 217 88223.4
tim_256.dat
1 2	60 126 277100	132 86 277050
tim_257.dat
tim_258.dat
tim_259.dat
tim_260.dat
tim_261.dat
1 2	37 183 914943	24 245 915171
1 2	37 183 914943	25 99 914966
tim_262.dat
tim_263.dat
1 2	235 94 709200	236 179 709533
tim_264.dat
1 2	207 105 46575	148 170 46700
1 2	246 94 580960	213 215 581390
tim_265.dat
tim_266.dat
tim_267.dat
1 2	90 44 292775	142 10 292367
1 2	90 44 292775	143 85 293167
1 2	90 44 292775	144 153 293250
1 2	90 44 292775	144 182 292790
tim_268.dat
1 2	6 160 438829	87 211 439100
1 2	110 155 22550	73 94 22100
tim_269.dat
1 1	97 174 246575	200 105 246700
1 1	178 90 501825	220 75 501900
1 1	186 22 278075	238 120 278000
tim_270.dat
tim_271.dat
1 1	7 56 433320	67 1 433186
1 1	7 56 433320	108 179 433585
1 1	67 1 433186	108 179 433585
1 1	222 137 189508	222 237 189557
1 1	222 137 189508	222 224 189542
1 1	222 237 189557	222 224 189542
1 2	251 182 554960	248 33 554535
tim_272.dat
1 1	78 232 444601	81 151 444562
tim_273.dat
tim_274.dat
1 1	134 93 716515	165 197 716450
1 2	134 93 716515	108 126 716017
1 2	165 197 716450	108 126 716017
tim_275.dat
1 2	116 172 922680	155 33 922480
tim_276.dat
1 1	86 71 466733	184 150 466625
1 2	39 129 444250	1 163 443900
1 2	53 166 632278	66 150 632413
1 2	148 171 170779	53 255 171033
tim_277.dat
1 2	135 123 117575	2 138 117183
1 2	135 123 117575	4 192 117771
1 2	135 123 117575	4 199 117400
1 2	135 123 117575	4 215 117500
1 2	165 227 960044	57 28 960050
1 2	165 227 960044	60 72 959958
1 2	165 227 960044	60 89 959900
1 2	165 227 960044	61 126 959900
1 2	165 227 960044	66 143 960000
1 2	165 227 960044	67 162 960050
1 2	165 227 960044	67 171 960027
1 2	165 227 960044	67 182 960044
1 2	165 227 960044	67 191 960060
1 2	165 227 960044	67 196 960050
1 2	165 227 960044	67 202 960000
1 2	165 227 960044	68 230 960037
tim_278.dat
1 1	93 219 909867	135 188 909971
tim_279.dat
1 2	175 100 80440	207 196 80175
1 2	175 100 80440	222 111 80140
tim_280.dat
tim_281.dat
tim_282.dat
tim_283.dat
tim_284.dat
tim_285.dat
tim_286.dat
1 2	175 151 960020	51 23 959957
1 2	175 151 960020	51 19 959900
1 2	195 175 764671	70 61 764480
tim_287.dat
tim_288.dat
tim_289.dat
1 2	142 57 747110	183 6 747375
1 2	142 57 747110	183 17 747045
tim_290.dat
1 2	1 142 549633	27 181 549790
1 2	62 62 960042	179 11 959980
1 2	62 62 960042	180 4 960000
1 2	62 62 960042	181 63 960020
1 2	62 62 960042	181 73 960010
1 2	62 62 960042	182 85 960025
1 2	62 62 960042	182 92 960040
1 2	62 62 960042	182 99 960030
1 2	62 62 960042	183 128 959980
1 2	62 62 960042	184 153 960017
tim_291.dat
1 1	184 50 925655	183 108 925650
1 1	184 50 925655	184 189 925675
1 1	183 108 925650	184 189 925675
tim_292.dat
tim_293.dat
1 2	208 31 725983	194 131 725950
tim_294.dat
tim_295.dat
1 1	115 249 340533	221 238 340343
1 2	42 236 388909	125 12 388987
tim_296.dat
1 2	247 1 744140	150 65 744192
tim_297.dat
1 1	112 211 69290	155 94 69327.3
1 2	76 222 312150	66 212 312596
tim_298.dat
1 2	6 220 922915	20 48 922550
tim_299.dat
tim_300.dat
1 1	147 194 298237	179 210 298260
1 2	83 158 171767	233 79 171375
tim_301.dat
1 1	10 54 960056	52 40 960050
1 2	10 54 960056	168 95 959840
1 2	10 54 960056	168 120 959900
1 2	10 54 960056	169 194 959886
1 2	10 54 960056	169 190 959883
1 2	10 54 960056	169 202 959880
1 2	10 54 960056	170 212 959933
1 2	10 54 960056	170 218 959875
1 2	10 54 960056	170 245 959942
1 2	10 54 960056	170 253 960000
1 2	10 54 960056	187 49 960044
1 2	52 40 960050	168 95 959840
1 2	52 40 960050	168 120 959900
1 2	52 40 960050	169 194 959886
1 2	52 40 960050	169 190 959883
1 2	52 40 960050	169 202 959880
1 2	52 40 960050	170 212 959933
1 2	52 40 960050	170 218 959875
1 2	52 40 960050	170 245 959942
1 2	52 40 960050	170 253 960000
1 2	52 40 960050	187 49 960044
1 2	229 50 473820	12 206 473620
tim_302.dat
1 2	107 109 680200	122 232 679700
1 2	144 194 134408	55 142 134271
1 2	210 228 960040	28 120 959900
1 2	210 228 960040	27 124 959950
1 2	210 228 960040	28 141 959950
1 2	210 228 960040	28 129 959920
tim_303.dat
tim_304.dat
1 2	135 194 504940	46 118 505325
1 2	135 194 504940	47 134 505278
1 2	135 194 504940	47 148 505300
tim_305.dat
1 2	164 130 823129	112 85 822975
tim_306.dat
tim_307.dat
tim_308.dat
1 2	159 135 405447	196 50 404991
tim_309.dat
1 1	166 254 465560	168 47 465600
tim_310.dat
1 1	8 142 359389	238 249 359317
1 1	42 14 906843	76 118 906750
1 2	140 69 510617	86 250 510640
tim_311.dat
1 1	24 211 559150	48 152 559125
1 2	24 211 559150	143 117 559244
1 2	48 152 559125	143 117 559244
1 2	193 17 353725	34 149 353500
1 2	209 235 327275	33 116 326942
tim_312.dat
1 1	106 209 320757	145 26 320600
1 2	107 34 939400	253 102 939676
1 2	160 237 745108	218 13 745178
tim_313.dat
1 1	21 59 604790	137 171 604814
1 2	75 2 570270	42 88 569780
1 2	75 2 570270	46 184 569914
1 2	75 2 570270	47 212 570696
1 2	208 253 923200	226 76 922900
tim_314.dat
tim_315.dat
1 1	44 99 263650	76 155 263570
1 1	89 242 214325	149 34 214360
1 1	118 218 143883	122 199 143458
1 1	154 90 762820	251 167 762900
tim_316.dat
tim_317.dat
tim_318.dat
1 2	241 153 525300	88 24 525700
tim_319.dat
tim_320.dat
1 1	162 78 678717	213 124 678811
1 2	239 176 357625	22 228 357267
tim_321.dat
1 2	92 178 270533	128 232 270157
1 2	202 62 269957	128 232 270157
tim_322.dat
1 1	12 251 960060	208 226 960067
1 2	179 184 606891	103 126 606814
tim_323.dat
1 1	118 241 833025	235 23 833000
1 2	118 241 833025	172 146 833233
1 2	231 118 950492	46 90 950575
1 2	235 23 833000	172 146 833233
tim_324.dat
1 1	21 64 744725	72 86 744760
1 1	230 202 133710	231 239 133792
1 2	36 189 60140	23 174 59650
tim_325.dat
1 2	213 159 503483	201 60 503180
1 2	218 17 339075	125 225 339400
tim_326.dat
1 2	164 179 207556	202 54 207343
1 2	208 207 443878	166 86 443757
1 2	247 74 669262	40 134 668883
tim_327.dat
tim_328.dat
tim_329.dat
tim_330.dat
tim_331.dat
tim_332.dat
tim_333.dat
1 1	145 140 835950	186 125 835967
tim_334.dat
1 1	133 188 649671	244 96 649600
1 2	159 200 279700	2 63 279960
1 2	175 252 281825	8 253 281547
tim_335.dat
tim_336.dat
tim_337.dat
1 2	176 190 551075	126 120 551107
tim_338.dat
1 2	95 7 238900	73 237 238517
1 2	100 57 145181	70 98 144989
1 2	100 57 145181	90 57 145240
1 2	134 40 617575	254 65 617744
tim_339.dat
tim_340.dat
1 1	28 237 290583	56 84 290600
tim_341.dat
1 1	46 171 359427	83 196 359041
1 1	155 54 793891	155 223 793900
tim_342.dat
1 2	66 225 160600	7 112 161044
1 2	185 104 893583	242 238 893350
1 2	185 104 893583	242 254 893600
1 2	243 167 60362.5	126 19 60500
tim_343.dat
1 2	12 129 288900	222 143 289050
1 2	12 129 288900	226 244 289058
tim_344.dat
1 1	19 12 466300	27 221 466500
tim_345.dat
1 2	18 70 960071	82 247 960052
1 2	18 70 960071	130 27 960044
1 2	18 70 960071	130 59 960047
1 2	18 70 960071	132 105 960021
1 2	18 70 960071	132 116 959950
1 2	18 70 960071	132 133 960019
1 2	18 70 960071	133 154 959988
1 2	18 70 960071	133 215 959964
1 2	18 70 960071	135 232 959925
1 2	23 240 546407	24 22 546138
1 2	23 240 546407	39 246 546267
1 2	32 187 230960	205 42 230675
tim_346.dat
1 1	110 4 300414	122 58 300283
tim_347.dat
1 1	45 189 960050	81 176 960075
1 2	45 189 960050	187 73 960039
1 2	45 189 960050	189 126 959969
1 2	45 189 960050	190 141 959988
1 2	45 189 960050	191 155 959989
1 2	45 189 960050	191 162 959933
1 2	45 189 960050	191 171 959940
1 2	45 189 960050	192 190 959933
1 2	45 189 960050	193 197 959967
1 2	45 189 960050	193 205 959975
1 2	45 189 960050	194 231 960012
1 2	76 101 346776	35 128 346539
1 2	81 176 960075	187 73 960039
1 2	81 176 960075	189 126 959969
1 2	81 176 960075	190 141 959988
1 2	81 176 960075	191 155 959989
1 2	81 176 960075	191 162 959933
1 2	81 176 960075	191 171 959940
1 2	81 176 960075	192 190 959933
1 2	81 176 960075	193 197 959967
1 2	81 176 960075	193 205 959975
1 2	81 176 960075	194 231 960012
tim_348.dat
tim_349.dat
tim_350.dat
tim_351.dat
tim_352.dat
tim_353.dat
1 1	64 194 266571	87 48 267042
1 2	18 227 377700	55 231 377644
1 2	100 21 268573	129 27 268643
tim_354.dat
1 2	133 84 526850	98 6 526831
tim_355.dat
1 2	84 215 915329	0 233 915479
tim_356.dat
1 1	23 177 147720	70 139 147825
1 2	68 61 300586	127 71 300560
tim_357.dat
1 2	211 228 664100	185 120 663692
1 2	211 228 664100	135 223 663800
tim_358.dat
1 2	50 245 777395	100 39 777457
tim_359.dat
tim_360.dat
1 1	10 76 237000	38 125 236950
1 1	79 96 463767	87 47 464151
1 1	79 96 463767	122 202 464133
1 1	87 47 464151	122 202 464133
tim_361.dat
tim_362.dat
1 1	48 123 886862	60 66 886850
1 2	129 149 510450	145 149 510785
1 2	128 207 242100	99 135 242225
1 2	180 16 522086	52 7 521767
tim_363.dat
1 1	46 168 101140	48 16 101100
1 2	124 244 389608	225 126 389539
tim_364.dat
1 2	242 0 604175	56 121 604567
tim_365.dat
tim_366.dat
1 1	82 184 565143	133 210 565133
tim_367.dat
tim_368.dat
1 1	77 223 773140	150 121 773200
tim_369.dat
1 1	162 223 719625	169 240 719817
tim_370.dat
1 1	89 77 721350	208 151 721260
1 2	33 254 878867	155 35 879040
1 2	33 254 878867	224 213 878786
tim_371.dat
1 1	103 251 210671	148 119 210714
1 2	161 248 569500	194 44 569133
1 2	161 248 569500	194 148 569125
1 2	246 38 501213	51 27 500812
tim_372.dat
tim_373.dat
tim_374.dat
tim_375.dat
tim_376.dat
tim_377.dat
1 1	69 36 477734	69 90 477688
1 2	114 65 960040	174 33 960056
tim_378.dat
1 1	157 239 381123	178 172 380707
tim_379.dat
tim_380.dat
tim_381.dat
1 1	138 109 269924	143 15 269980
1 2	43 182 271514	156 39 271515
1 2	160 193 21066.7	1 225 21500
tim_382.dat
1 1	12 207 803480	17 207 803362
tim_383.dat
1 2	12 172 123157	112 171 122992
tim_384.dat
1 2	168 190 49588.9	213 46 49700
tim_385.dat
tim_386.dat
1 2	30 53 807191	244 48 807325
tim_387.dat
tim_388.dat
1 1	87 159 452044	182 35 452080
tim_389.dat
1 1	54 202 375867	210 216 375867
1 1	128 113 698820	227 91 698908
1 2	217 166 496760	158 185 496660
tim_390.dat
1 1	42 200 138620	99 233 138711
tim_391.dat
1 2	103 210 494783	115 107 494418
1 2	170 240 172000	208 198 171980
tim_392.dat
1 1	149 211 685625	248 255 685550
1 2	7 105 846650	117 249 846862
1 2	31 149 748230	35 61 747962
1 2	43 200 928806	23 226 929252
1 2	100 215 79040	184 217 78750
1 2	219 192 660967	63 138 660857
tim_393.dat
1 1	47 94 241180	206 120 241383
tim_394.dat
1 1	107 135 960050	241 82 960014
1 2	107 135 960050	108 15 960050
1 2	107 135 960050	110 10 959975
1 2	107 135 960050	133 60 959940
1 2	107 135 960050	226 29 960000
1 2	241 82 960014	108 15 960050
1 2	241 82 960014	110 10 959975
1 2	241 82 960014	133 60 959940
1 2	241 82 960014	226 29 960000
tim_395.dat
tim_396.dat
tim_397.dat
tim_398.dat
tim_399.dat
tim_400.dat
1 1	0 147 428125	107 248 428267
1 2	52 57 276683	65 24 276346
1 2	207 255 858275	27 228 858711
tim_401.dat
1 1	59 29 257380	246 15 257486
1 2	21 1 371175	221 24 370797
tim_402.dat
1 1	37 170 554300	97 123 554450
1 2	108 208 960050	43 214 960050
1 2	126 214 443075	95 161 442775
tim_403.dat
tim_404.dat
1 1	197 15 27800	224 174 27783.3
tim_405.dat
1 1	113 79 960057	161 248 960050
1 2	99 228 386256	122 70 386657
1 2	153 59 260429	123 187 260000
tim_406.dat
1 1	5 218 500625	22 150 500425
1 1	114 248 810444	219 156 810500
tim_407.dat
tim_408.dat
1 1	82 242 690733	81 70 690787
1 1	110 143 911250	192 251 911143
1 2	142 132 740325	26 55 740800
1 2	208 129 254393	125 89 254400
1 2	208 129 254393	125 97 254840
tim_409.dat
1 2	52 120 666525	137 75 666956
tim_410.dat
tim_411.dat
1 2	171 171 244375	217 162 244260
tim_412.dat
tim_413.dat
tim_414.dat
1 1	135 28 882000	138 34 882020
1 1	135 28 882000	139 13 882041
1 1	138 34 882020	139 13 882041
tim_415.dat
1 2	115 252 579518	199 202 579057
tim_416.dat
tim_417.dat
tim_418.dat
tim_419.dat
tim_420.dat
1 1	31 220 836783	54 160 836918
1 2	181 56 278790	110 130 278550
tim_421.dat
1 1	245 114 285180	251 177 285033
1 2	171 116 751700	38 85 751343
tim_422.dat
1 1	84 16 310738	150 53 310600
tim_423.dat
1 1	76 56 461238	193 151 461162
tim_424.dat
1 2	217 22 81600	80 129 81644.6
tim_425.dat
1 2	76 182 654167	107 231 653888
tim_426.dat
1 1	84 174 315267	249 34 315050
1 2	134 199 376680	66 166 376875
tim_427.dat
1 1	11 151 26116.7	217 132 26150
1 2	144 110 382875	96 166 383000
tim_428.dat
1 2	216 189 408325	133 47 408571
tim_429.dat
tim_430.dat
1 1	100 56 128950	129 161 128950
1 1	171 72 349925	240 80 349925
1 2	123 29 767612	219 124 767290
1 2	123 29 767612	251 175 767880
1 2	123 29 767612	251 185 767620
1 2	123 29 767612	251 192 767625
1 2	125 61 710275	197 120 710493
tim_431.dat
1 2	63 106 520233	2 42 519900
1 2	63 106 520233	6 212 520302
tim_432.dat
tim_433.dat
tim_434.dat
1 1	13 49 789570	106 136 789525
1 1	153 53 462520	160 227 462525
1 2	72 195 453917	6 247 454233
1 2	199 188 511850	1 117 512340
tim_435.dat
1 1	165 144 45757.8	165 243 45820
1 2	22 168 450850	108 150 451175
1 2	22 168 450850	109 176 451180
tim_436.dat
tim_437.dat
tim_438.dat
tim_439.dat
tim_440.dat
tim_441.dat
1 1	112 219 419627	207 206 419636
1 2	35 212 682100	161 252 681978
tim_442.dat
tim_443.dat
1 1	151 65 137900	167 23 137814
1 2	151 65 137900	229 120 137429
1 2	167 23 137814	229 120 137429
1 2	241 197 530700	227 255 530875
tim_444.dat
1 2	84 194 675362	157 159 675350
tim_445.dat
tim_446.dat
tim_447.dat
1 1	33 170 232683	152 236 232825
1 2	1 151 960040	164 228 960000
1 2	1 151 960040	199 77 959900
1 2	1 151 960040	202 141 959929
1 2	1 151 960040	203 187 959920
tim_448.dat
tim_449.dat
tim_450.dat
1 2	119 219 930020	84 144 930117
tim_451.dat
tim_452.dat
1 2	112 144 960050	231 29 959971
1 2	112 144 960050	246 125 959894
1 2	112 144 960050	246 135 959900
1 2	112 144 960050	245 170 959900
1 2	112 144 960050	245 229 959888
1 2	112 144 960050	246 151 959938
1 2	112 144 960050	246 189 959912
1 2	112 144 960050	246 208 959867
1 2	112 144 960050	246 237 959900
1 2	112 144 960050	246 245 959891
tim_453.dat
tim_454.dat
1 1	47 4 925444	48 86 925720
1 1	47 4 925444	89 163 925650
1 1	48 86 925720	89 163 925650
1 2	78 130 366518	194 164 367000
1 2	117 244 241756	183 172 241380
tim_455.dat
tim_456.dat
1 1	50 62 383683	255 179 383880
1 1	77 74 520569	77 139 520583
tim_457.dat
1 1	56 45 790150	76 17 790171
1 1	113 203 713883	219 93 713883
1 2	209 3 426502	22 142 426580
tim_458.dat
tim_459.dat
tim_460.dat
tim_461.dat
tim_462.dat
tim_463.dat
tim_464.dat
tim_465.dat
1 1	110 228 432512	111 96 432450
1 2	24 176 959975	1 6 960050
1 2	24 176 959975	1 10 960025
1 2	24 176 959975	3 74 960060
1 2	24 176 959975	4 94 960050
1 2	24 176 959975	5 125 960031
1 2	24 176 959975	4 108 960017
1 2	24 176 959975	6 149 960033
1 2	24 176 959975	7 169 960011
1 2	24 176 959975	8 215 960034
tim_466.dat
1 2	241 113 126227	9 124 126260
tim_467.dat
tim_468.dat
tim_469.dat
tim_470.dat
1 2	128 94 960050	149 21 960050
1 2	128 94 960050	149 29 960022
1 2	128 94 960050	150 102 960043
1 2	128 94 960050	150 78 960025
1 2	128 94 960050	150 87 960027
1 2	128 94 960050	150 137 960033
1 2	128 94 960050	150 150 960050
tim_471.dat
tim_472.dat
tim_473.dat
1 1	15 23 359143	16 2 359160
tim_474.dat
tim_475.dat
tim_476.dat
1 2	13 115 352.941	226 18 133.333
1 2	55 133 513324	95 109 512978
tim_477.dat
tim_478.dat
tim_479.dat
1 2	100 229 883450	129 165 883146
tim_480.dat
1 2	110 255 270320	106 105 270043
tim_481.dat
1 1	4 94 360467	122 168 360425
tim_482.dat
tim_483.dat
1 1	181 164 151300	213 77 151217
1 2	39 71 506760	76 172 506543
1 2	85 61 256350	48 74 256238
tim_484.dat
1 1	49 242 482083	192 128 482112
1 2	11 197 940143	30 229 939990
1 2	177 74 960057	46 245 960010
1 2	177 74 960057	47 162 959864
1 2	177 74 960057	48 39 960007
1 2	177 74 960057	47 100 959853
1 2	177 74 960057	47 183 959720
1 2	177 74 960057	47 92 959925
1 2	177 74 960057	47 209 959900
1 2	177 74 960057	48 238 959929
1 2	177 74 960057	149 7 959980
1 2	177 74 960057	149 12 959975
1 2	177 74 960057	149 34 960041
1 2	177 74 960057	252 78 959800
tim_485.dat
tim_486.dat
tim_487.dat
tim_488.dat
tim_489.dat
tim_490.dat
1 1	1 200 250083	173 208 249683
tim_491.dat
tim_492.dat
1 2	199 88 903429	142 143 903420
tim_493.dat
tim_494.dat
1 1	131 94 759575	188 230 759629
tim_495.dat
tim_496.dat
tim_497.dat
1 1	172 205 824357	177 202 824383
1 2	172 205 824357	182 185 823877
tim_498.dat
tim_499.dat
1 2	155 100 819776	194 15 819736
tim_500.dat
1 2	131 98 657000	207 223 657040
tim_501.dat
1 2	87 73 503825	56 84 503557
1 2	207 11 832850	37 201 832931
1 2	214 167 232800	219 53 232400
tim_502.dat
tim_503.dat
tim_504.dat
1 1	45 121 438800	122 223 439071
tim_505.dat
tim_506.dat
1 2	30 119 379967	11 118 380046
1 2	30 119 379967	14 202 380182
1 2	30 119 379967	17 183 379660
tim_507.dat
1 1	67 36 732812	155 145 732855
1 2	47 242 513200	100 164 513686
1 2	108 221 943429	144 238 943300
tim_508.dat
1 2	11 86 691025	181 46 690870
tim_509.dat
1 2	233 93 593544	222 34 593614
1 2	233 93 593544	224 69 593638
1 2	233 93 593544	227 39 593450
1 2	233 93 593544	226 53 593640
tim_510.dat
tim_511.dat
tim_512.dat
1 1	158 11 483767	234 91 483717
tim_513.dat
1 1	7 61 494150	183 47 494025
1 1	72 100 402612	123 101 402617
1 2	7 61 494150	68 33 494040
1 2	173 55 167120	164 63 166627
1 2	173 55 167120	163 74 166633
1 2	183 47 494025	68 33 494040
tim_514.dat
1 2	15 73 828175	102 157 828324
1 2	135 188 503361	6 173 503460
1 2	135 188 503361	229 86 503486
1 2	137 90 893000	14 204 892536
tim_515.dat
1 1	86 11 115225	105 102 115250
1 1	105 102 115250	214 212 115750
1 1	146 135 427383	179 34 427250
tim_516.dat
tim_517.dat
tim_518.dat
tim_519.dat
tim_520.dat
1 1	93 129 960057	239 107 960050
1 2	38 228 464900	112 53 464545
1 2	93 129 960057	33 174 959950
1 2	93 129 960057	33 184 959967
1 2	93 129 960057	34 210 960014
1 2	93 129 960057	35 242 960026
1 2	93 129 960057	165 127 960025
1 2	239 107 960050	33 174 959950
1 2	239 107 960050	33 184 959967
1 2	239 107 960050	34 210 960014
1 2	239 107 960050	35 242 960026
1 2	239 107 960050	165 127 960025
tim_521.dat
1 2	232 135 780540	190 250 780450
tim_522.dat
tim_523.dat
1 2	123 80 960050	210 62 959925
1 2	123 80 960050	209 9 959900
1 2	123 80 960050	210 56 959943
1 2	123 80 960050	211 74 959914
1 2	123 80 960050	211 88 959950
1 2	123 80 960050	211 92 959917
1 2	123 80 960050	212 100 959923
1 2	123 80 960050	214 161 959917
1 2	123 80 960050	213 169 959933
tim_524.dat
1 2	205 11 831800	130 108 831860
tim_525.dat
tim_526.dat
1 2	147 146 360403	216 91 360280
tim_527.dat
tim_528.dat
tim_529.dat
1 2	127 167 552675	72 232 552652
tim_530.dat
1 2	128 163 548582	148 216 548440
tim_531.dat
1 1	165 22 588175	178 31 588293
tim_532.dat
tim_533.dat
tim_534.dat
tim_535.dat
tim_536.dat
1 1	43 217 38722.2	61 26 38758.8
1 2	186 67 960033	139 181 959925
1 2	186 67 960033	245 248 959965
tim_537.dat
tim_538.dat
tim_539.dat
tim_540.dat
1 2	249 109 780900	133 93 780860
tim_541.dat
1 1	148 182 484600	218 203 484633
1 2	4 12 793980	167 222 793922
1 2	4 12 793980	169 138 793845
1 2	253 231 202575	104 186 202125
1 2	253 231 202575	105 210 202082
1 2	253 231 202575	105 218 202167
tim_542.dat
tim_543.dat
tim_544.dat
tim_545.dat
tim_546.dat
1 2	254 107 101207	163 22 101420
tim_547.dat
1 2	83 217 134640	101 252 134743
tim_548.dat
tim_549.dat
1 2	250 122 448533	21 174 448353
tim_550.dat
tim_551.dat
tim_552.dat
tim_553.dat
1 1	75 235 787300	214 177 787243
1 2	246 52 895238	240 69 895050
1 2	246 52 895238	241 132 895520
tim_554.dat
1 1	216 235 765027	219 121 765111
tim_555.dat
1 2	130 202 187160	141 204 186800
tim_556.dat
1 1	13 217 920350	31 221 920342
1 2	13 217 920350	189 80 919975
1 2	31 221 920342	189 80 919975
1 2	129 20 960050	31 253 960050
tim_557.dat
1 1	65 25 578750	160 237 578888
tim_558.dat
1 1	84 135 422500	126 229 422500
tim_559.dat
1 1	6 69 439300	23 222 439433
1 1	6 69 439300	241 220 439378
1 1	23 222 439433	241 220 439378
1 2	6 69 439300	149 106 438941
1 2	23 222 439433	149 106 438941
1 2	241 220 439378	149 106 438941
tim_560.dat
tim_561.dat
tim_562.dat
tim_563.dat
1 1	17 12 648850	99 85 648775
tim_564.dat
1 2	124 155 731383	165 207 731800
1 2	180 202 609656	228 16 609468
tim_565.dat
tim_566.dat
tim_567.dat
tim_568.dat
1 1	41 183 386422	48 187 386320
tim_569.dat
1 1	91 238 648467	115 147 648500
1 2	199 161 449687	43 200 449211
tim_570.dat
tim_571.dat
tim_572.dat
tim_573.dat
1 2	32 4 641325	44 42 641425
1 2	106 169 639800	124 40 639864
tim_574.dat
tim_575.dat
tim_576.dat
1 1	95 135 122512	156 239 122420
1 2	205 119 796129	29 12 796475
1 2	213 73 661855	100 3 661388
tim_577.dat
1 1	125 130 780357	170 32 780362
1 2	171 187 307786	143 134 307389
1 2	185 198 505412	79 81 505473
1 2	185 198 505412	82 183 505460
tim_578.dat
tim_579.dat
1 2	171 188 301614	112 108 301562
tim_580.dat
1 1	113 243 611867	167 110 611725
tim_581.dat
1 2	65 249 128675	45 15 129000
tim_582.dat
1 1	114 255 122575	142 226 122789
tim_583.dat
tim_584.dat
tim_585.dat
tim_586.dat
tim_587.dat
tim_588.dat
tim_589.dat
1 2	58 193 497980	74 224 498062
1 2	79 194 140200	9 23 140090
tim_590.dat
1 1	43 98 25233.3	55 14 25308.3
1 2	187 207 449600	158 141 450052
tim_591.dat
tim_592.dat
1 1	96 73 674171	97 184 674167
tim_593.dat
1 1	186 70 624020	187 39 624020
tim_594.dat
1 1	85 93 107486	166 209 107533
1 2	201 171 310500	249 168 310623
1 2	203 104 321067	39 178 320950
tim_595.dat
tim_596.dat
tim_597.dat
tim_598.dat
tim_599.dat
tim_600.dat
tim_601.dat
tim_602.dat
tim_603.dat
tim_604.dat
tim_605.dat
1 2	20 78 579750	192 124 579756
1 2	245 87 822786	49 249 822979
tim_606.dat
1 2	13 96 538972	140 147 538651
tim_607.dat
tim_608.dat
tim_609.dat
tim_610.dat
1 2	242 177 105429	166 192 105020
tim_611.dat
1 2	156 220 412594	68 200 412954
1 2	168 91 960050	68 5 960023
1 2	168 91 960050	69 11 960025
1 2	168 91 960050	69 37 960025
1 2	168 91 960050	72 173 960000
1 2	168 91 960050	73 212 959990
1 2	168 91 960050	73 198 959950
tim_612.dat
1 2	18 179 830600	9 19 830389
tim_613.dat
tim_614.dat
tim_615.dat
1 2	9 236 24222.2	46 95 24033.3
tim_616.dat
tim_617.dat
tim_618.dat
tim_619.dat
tim_620.dat
tim_621.dat
tim_622.dat
1 1	129 12 889575	134 145 889650
1 2	212 184 383150	168 132 383036
tim_623.dat
1 1	74 40 666825	244 18 666814
1 2	204 108 714900	103 137 714717
tim_624.dat
1 2	182 178 550850	147 70 550775
tim_625.dat
1 1	195 39 654514	217 67 654500
1 2	141 20 346800	56 207 346840
1 2	225 37 736200	124 73 735850
tim_626.dat
1 2	226 120 234600	136 90 234650
tim_627.dat
tim_628.dat
tim_629.dat
1 2	178 250 721700	193 45 721720
tim_630.dat
1 1	95 205 60150	117 177 60200
1 2	30 159 867878	221 135 868334
1 2	94 129 691614	91 39 691695
1 2	94 129 691614	92 97 691746
tim_631.dat
tim_632.dat
tim_633.dat
tim_634.dat
tim_635.dat
1 2	16 131 719000	192 17 718528
1 2	16 131 719000	194 69 718543
tim_636.dat
1 2	19 15 312343	108 49 312318
tim_637.dat
1 1	125 18 433475	167 74 433325
1 2	37 37 658583	5 36 658375
tim_638.dat
tim_639.dat
1 2	67 145 431160	71 158 431133
tim_640.dat
tim_641.dat
tim_642.dat
1 2	170 61 111150	255 139 111462
tim_643.dat
tim_644.dat
tim_645.dat
tim_646.dat
tim_647.dat
tim_648.dat
tim_649.dat
tim_650.dat
tim_651.dat
tim_652.dat
tim_653.dat
1 2	125 109 169380	93 178 169063
tim_654.dat
tim_655.dat
tim_656.dat
1 1	82 238 545678	84 126 545640
1 2	32 147 309200	120 147 308939
tim_657.dat
1 1	42 1 816025	135 123 816218
tim_658.dat
1 2	23 43 703080	40 115 703001
tim_659.dat
tim_660.dat
tim_661.dat
tim_662.dat
1 2	150 125 531709	191 97 531297
1 2	219 225 45233.3	27 189 45289.8
tim_663.dat
1 2	68 0 670457	49 7 670425
1 2	68 0 670457	58 16 670371
1 2	68 0 670457	58 127 670054
tim_664.dat
1 2	84 38 513740	19 245 513583
tim_665.dat
1 2	213 29 453760	134 16 453940
tim_666.dat
tim_667.dat
1 2	55 120 960050	119 78 959880
1 2	55 120 960050	119 82 959912
1 2	55 120 960050	119 88 959950
1 2	55 120 960050	119 96 959950
1 2	55 120 960050	139 116 960042
tim_668.dat
tim_669.dat
tim_670.dat
tim_671.dat
tim_672.dat
tim_673.dat
tim_674.dat
1 1	182 169 868757	227 242 868800
tim_675.dat
1 2	246 213 592317	138 153 592050
tim_676.dat
tim_677.dat
1 2	170 238 89357.1	185 200 89440
tim_678.dat
tim_679.dat
1 2	127 132 765625	110 20 765330
tim_680.dat
tim_681.dat
1 2	121 116 769975	111 79 769531
tim_682.dat
tim_683.dat
tim_684.dat
tim_685.dat
tim_686.dat
1 1	136 64 774650	179 141 774757
tim_687.dat
tim_688.dat
tim_689.dat
tim_690.dat
tim_691.dat
tim_692.dat
tim_693.dat
tim_694.dat
tim_695.dat
tim_696.dat
1 1	138 87 11400	177 100 11342.9
tim_697.dat
tim_698.dat
tim_699.dat
tim_700.dat
1 1	120 221 217233	159 223 217344
1 1	120 221 217233	181 136 217200
1 1	159 223 217344	181 136 217200
1 2	174 202 616100	127 231 616262
1 2	174 202 616100	131 187 616183
1 2	231 112 677317	219 138 676840
tim_701.dat
1 2	52 116 785383	246 227 785200
tim_702.dat
1 1	149 90 907519	151 31 907557
tim_703.dat
tim_704.dat
tim_705.dat
1 2	151 203 636133	107 213 636147
tim_706.dat
tim_707.dat
1 1	160 234 598925	162 97 598833
1 2	24 199 903814	72 244 904162
tim_708.dat
tim_709.dat
tim_710.dat
1 1	151 240 349862	154 170 349875
tim_711.dat
tim_712.dat
tim_713.dat
tim_714.dat
tim_715.dat
tim_716.dat
1 2	43 44 19300	36 253 18870
tim_717.dat
1 2	106 56 242575	161 161 242343
tim_718.dat
1 2	149 104 821720	66 121 821747
tim_719.dat
1 2	143 42 960060	13 11 959950
1 2	143 42 960060	13 19 959950
1 2	143 42 960060	13 124 959962
1 2	143 42 960060	93 151 959950
1 2	143 42 960060	95 194 960034
tim_720.dat
tim_721.dat
tim_722.dat
1 2	159 50 886750	24 1 886600
tim_723.dat
tim_724.dat
1 1	250 189 843678	251 71 843675
1 1	250 189 843678	252 8 843625
1 1	251 71 843675	252 8 843625
1 2	116 252 306700	83 182 306467
tim_725.dat
tim_726.dat
tim_727.dat
tim_728.dat
tim_729.dat
1 2	57 134 929450	86 33 929114
1 2	57 134 929450	194 76 929357
1 2	57 134 929450	196 201 929320
tim_730.dat
tim_731.dat
tim_732.dat
tim_733.dat
tim_734.dat
tim_735.dat
tim_736.dat
tim_737.dat
tim_738.dat
tim_739.dat
tim_740.dat
1 2	52 177 960040	147 134 960040
tim_741.dat
tim_742.dat
tim_743.dat
tim_744.dat
1 1	3 82 709786	69 135 709800
tim_745.dat
tim_746.dat
tim_747.dat
1 2	143 234 67844.4	218 175 67475
1 2	224 44 432629	114 56 432204
1 2	224 44 432629	116 166 432700
tim_748.dat
tim_749.dat
1 2	245 126 960050	109 177 960039
tim_750.dat
tim_751.dat
tim_752.dat
tim_753.dat
tim_754.dat
1 1	39 239 94488.9	95 224 94530
1 2	39 239 94488.9	86 143 94042.9
1 2	95 224 94530	86 143 94042.9
tim_755.dat
tim_756.dat
1 2	224 15 53488.9	135 174 53433.3
tim_757.dat
tim_758.dat
tim_759.dat
tim_760.dat
tim_761.dat
tim_762.dat
tim_763.dat
tim_764.dat
tim_765.dat
tim_766.dat
tim_767.dat
tim_768.dat
tim_769.dat
1 2	33 12 136000	116 22 135871
1 2	33 12 136000	121 190 135700
tim_770.dat
tim_771.dat
1 1	1 46 892900	2 4 892912
tim_772.dat
tim_773.dat
1 2	7 172 144533	15 16 144586
1 2	15 115 957929	178 148 957643
1 2	218 163 960050	32 12 960025
tim_774.dat
tim_775.dat
tim_776.dat
1 1	246 109 54450	246 121 54437.5
1 2	218 185 935325	114 223 934842
tim_777.dat
tim_778.dat
1 2	51 74 960050	113 31 960042
tim_779.dat
tim_780.dat
tim_781.dat
tim_782.dat
tim_783.dat
1 2	199 62 939525	95 155 939169
tim_784.dat
1 2	181 221 106200	76 141 105736
1 2	251 222 775967	206 157 776080
tim_785.dat
1 1	12 116 569460	56 11 569440
1 2	12 116 569460	41 23 569817
1 2	12 116 569460	41 34 569921
1 2	12 116 569460	41 43 569420
1 2	56 11 569440	41 23 569817
1 2	56 11 569440	41 34 569921
1 2	56 11 569440	41 43 569420
1 2	149 125 599900	85 241 600000
tim_786.dat
tim_787.dat
tim_788.dat
tim_789.dat
tim_790.dat
tim_791.dat
tim_792.dat
tim_793.dat
tim_794.dat
tim_795.dat
tim_796.dat
tim_797.dat
tim_798.dat
tim_799.dat
tim_800.dat
tim_801.dat
1 2	70 149 960057	174 174 960035
tim_802.dat
tim_803.dat
tim_804.dat
tim_805.dat
tim_806.dat
tim_807.dat
tim_808.dat
tim_809.dat
tim_810.dat
1 2	74 196 624883	126 135 624750
tim_811.dat
tim_812.dat
tim_813.dat
tim_814.dat
1 2	22 127 493420	65 170 493283
tim_815.dat
1 2	108 117 658740	191 74 658614
tim_816.dat
1 2	87 229 889400	29 175 889119
tim_817.dat
tim_818.dat
tim_819.dat
tim_820.dat
tim_821.dat
tim_822.dat
tim_823.dat
1 1	241 129 249420	253 146 249350
1 2	173 251 528988	146 91 528723
1 2	215 84 960043	142 143 960025
tim_824.dat
1 2	174 175 675367	196 185 675229
tim_825.dat
1 1	63 139 675657	161 218 675575
1 2	63 139 675657	137 111 675629
1 2	90 206 4128.57	45 128 3678.14
1 2	161 218 675575	137 111 675629
tim_826.dat
1 1	168 138 472658	169 242 472622
tim_827.dat
tim_828.dat
tim_829.dat
tim_830.dat
1 2	152 196 437100	91 178 436609
tim_831.dat
tim_832.dat
tim_833.dat
tim_834.dat
1 2	0 88 526700	55 133 526744
1 2	0 88 526700	108 55 526290
tim_835.dat
tim_836.dat
tim_837.dat
1 2	105 205 595400	153 66 595062
tim_838.dat
tim_839.dat
1 2	30 152 356700	53 23 356857
tim_840.dat
tim_841.dat
tim_842.dat
tim_843.dat
tim_844.dat
1 2	214 90 724600	36 241 724800
tim_845.dat
tim_846.dat
tim_847.dat
tim_848.dat
1 2	195 50 715112	100 173 715319
1 2	195 50 715112	229 187 714669
tim_849.dat
1 2	241 135 381757	91 77 381355
tim_850.dat
tim_851.dat
tim_852.dat
tim_853.dat
tim_854.dat
tim_855.dat
1 2	104 137 682583	50 46 682417
1 2	205 128 696780	202 175 696760
tim_856.dat
1 2	90 102 56962.5	52 60 57000
tim_857.dat
tim_858.dat
tim_859.dat
1 2	6 161 784167	17 192 784340
tim_860.dat
tim_861.dat
tim_862.dat
tim_863.dat
tim_864.dat
tim_865.dat
1 1	199 36 960007	217 64 960046
1 1	199 36 960007	253 254 960057
1 1	217 64 960046	253 254 960057
1 2	199 36 960007	240 145 959951
1 2	199 36 960007	241 207 959977
1 2	217 64 960046	240 145 959951
1 2	217 64 960046	241 207 959977
1 2	253 254 960057	240 145 959951
1 2	253 254 960057	241 207 959977
tim_866.dat
1 2	36 198 188580	217 12 188083
1 2	36 198 188580	217 31 188538
1 2	36 198 188580	217 153 188558
1 2	36 198 188580	217 70 188950
1 2	36 198 188580	218 141 188313
tim_867.dat
tim_868.dat
tim_869.dat
1 2	60 224 473375	29 122 473026
1 2	204 239 630140	219 233 629780
tim_870.dat
tim_871.dat
tim_872.dat
tim_873.dat
tim_874.dat
1 2	40 60 289367	29 167 288883
1 2	177 133 377200	208 94 376805
1 2	177 133 377200	209 162 377225
1 2	199 130 116555	223 175 116761
tim_875.dat
tim_876.dat
1 2	72 197 663325	89 21 663738
1 2	72 197 663325	89 38 662857
1 2	72 197 663325	89 11 663667
1 2	72 197 663325	90 49 663355
1 2	72 197 663325	90 63 663153
1 2	72 197 663325	90 78 663200
1 2	72 197 663325	91 110 663375
1 2	182 93 628589	51 65 628251
tim_877.dat
tim_878.dat
tim_879.dat
tim_880.dat
tim_881.dat
1 1	57 86 115800	251 10 115800
1 2	186 148 922200	110 41 922200
tim_882.dat
tim_883.dat
1 1	18 95 777857	212 90 777757
1 2	27 148 192000	12 210 192075
1 2	27 148 192000	12 214 191786
tim_884.dat
tim_885.dat
1 1	105 235 881025	136 16 881080
1 2	147 139 960056	185 41 960016
1 2	147 139 960056	186 88 959920
1 2	147 139 960056	189 196 959950
tim_886.dat
tim_887.dat
1 2	154 94 775360	36 95 774885
tim_888.dat
tim_889.dat
tim_890.dat
1 1	128 0 141500	131 15 141580
tim_891.dat
tim_892.dat
tim_893.dat
tim_894.dat
tim_895.dat
tim_896.dat
tim_897.dat
1 2	84 173 920071	114 105 919757
tim_898.dat
tim_899.dat
tim_900.dat
1 1	32 151 537840	189 97 537762
1 2	4 142 578100	54 146 577637
tim_901.dat
tim_902.dat
tim_903.dat
1 2	31 69 763545	230 205 763200
1 2	166 156 960060	18 243 960000
tim_904.dat
tim_905.dat
tim_906.dat
tim_907.dat
tim_908.dat
tim_909.dat
tim_910.dat
1 1	157 182 198756	159 106 198505
tim_911.dat
tim_912.dat
1 2	2 197 960050	155 5 959954
1 2	2 197 960050	156 103 960000
1 2	2 197 960050	156 115 960029
1 2	2 197 960050	156 144 960040
1 2	2 197 960050	156 160 960057
1 2	2 197 960050	156 168 960050
1 2	2 197 960050	156 179 960043
1 2	2 197 960050	156 190 960050
1 2	2 197 960050	156 198 960040
1 2	2 197 960050	156 214 960000
1 2	2 197 960050	156 220 960050
tim_913.dat
tim_914.dat
1 2	150 216 839800	218 139 840025
tim_915.dat
tim_916.dat
tim_917.dat
1 2	94 142 186425	97 29 186155
tim_918.dat
tim_919.dat
tim_920.dat
tim_921.dat
tim_922.dat
tim_923.dat
tim_924.dat
tim_925.dat
1 2	197 163 594883	94 99 595017
tim_926.dat
tim_927.dat
tim_928.dat
tim_929.dat
1 2	8 19 1800	79 38 1391.53
tim_930.dat
1 1	0 180 273175	204 28 273075
1 1	0 180 273175	250 79 273200
1 1	204 28 273075	250 79 273200
tim_931.dat
tim_932.dat
tim_933.dat
1 2	34 211 731143	185 36 731280
tim_934.dat
1 2	65 54 347550	104 80 347400
tim_935.dat
tim_936.dat
tim_937.dat
tim_938.dat
tim_939.dat
tim_940.dat
1 2	148 12 441925	133 125 441972
tim_941.dat
1 1	79 231 847144	150 20 847000
1 1	122 3 537656	198 192 537550
tim_942.dat
tim_943.dat
tim_944.dat
tim_945.dat
tim_946.dat
1 2	122 224 83900	196 153 83668.6
tim_947.dat
tim_948.dat
tim_949.dat
tim_950.dat
tim_951.dat
tim_952.dat
tim_953.dat
1 2	128 158 769200	65 159 769235
1 2	128 158 769200	69 197 769450
tim_954.dat
tim_955.dat
tim_956.dat
1 2	6 24 830957	53 22 830476
1 2	6 24 830957	53 31 830517
tim_957.dat
tim_958.dat
tim_959.dat
tim_960.dat
tim_961.dat
tim_962.dat
tim_963.dat
tim_964.dat
tim_965.dat
tim_966.dat
tim_967.dat
tim_968.dat
1 1	183 217 73025	211 159 72945.5
tim_969.dat
tim_970.dat
tim_971.dat
1 2	34 139 501700	28 213 501417
tim_972.dat
tim_973.dat
tim_974.dat
tim_975.dat
tim_976.dat
1 1	183 230 813425	221 138 813511
1 1	183 230 813425	238 154 813425
1 1	221 138 813511	238 154 813425
tim_977.dat
1 1	131 201 13266.7	156 226 13516.7
tim_978.dat
tim_979.dat
tim_980.dat
tim_981.dat
tim_982.dat
1 2	111 31 712306	135 190 712055
1 2	185 104 91950	55 226 91450
1 2	235 134 91425	55 226 91450
tim_983.dat
tim_984.dat
tim_985.dat
1 2	85 128 795988	134 99 795669
tim_986.dat
tim_987.dat
tim_988.dat
tim_989.dat
1 1	9 163 374471	203 0 374533
1 2	188 70 490371	187 107 490060
tim_990.dat
1 1	93 244 115308	214 177 115440
tim_991.dat
tim_992.dat
tim_993.dat
tim_994.dat
tim_995.dat
tim_996.dat
1 2	116 93 370675	29 135 370729
tim_997.dat
1 1	115 213 127100	177 157 126983
1 2	133 96 960040	220 78 960042
1 2	133 96 960040	221 198 960040
tim_998.dat
tim_999.dat
